  25466, 1121, 1191, 1224, 1214, 1326, 1375, 1386, 1463, 1502, 1544, 1614, 1616, 1699, 1814, 1858, 1875, 1953, 2099, 2143, 2258, 10826363, 210590, 213408, 216763, 219660, 222705, 225364, 228616, 231782, 233955, 237756, 240611, 243031, 246438, 249534, 251795, 255430, 258132, 261917, 264281, 268452, 68714443, 267269, 263685, 262487, 257360, 254509, 251799, 249223, 245887, 242595, 240198, 236820, 234658, 229199, 228676, 225315, 221527, 219440, 215318, 213178, 210520, 10851570
27316, 1216, 1194, 1247, 1295, 1363, 1377, 1427, 1480, 1551, 1643, 1635, 1769, 1773, 1857, 1987, 2006, 2155, 2232, 2264, 2268, 10979827, 211362, 214671, 217166, 219538, 223685, 227201, 229726, 232020, 235181, 237353, 241504, 244390, 246967, 249830, 252824, 256538, 258953, 261845, 264913, 268445, 68487752, 266309, 264063, 261243, 256406, 254377, 251725, 249340, 245418, 242375, 239265, 236866, 234036, 230842, 228162, 224903, 221197, 218695, 216975, 213529, 210260, 10911268
30458, 1302, 1366, 1327, 1391, 1479, 1545, 1598, 1686, 1707, 1788, 1851, 1887, 1990, 2028, 2146, 2276, 2228, 2365, 2456, 2496, 11237809, 213544, 217124, 219540, 222618, 224816, 227996, 230320, 232693, 237189, 238990, 242723, 246123, 248581, 251870, 255029, 257461, 260163, 263306, 265990, 269558, 68093918, 266073, 262197, 259066, 256717, 253846, 251012, 248288, 244872, 242428, 238688, 235706, 232510, 229805, 226954, 223945, 221596, 218584, 215644, 212765, 210329, 11024244
35933, 1480, 1522, 1608, 1633, 1726, 1715, 1857, 1982, 1971, 1967, 2105, 2043, 2324, 2336, 2409, 2554, 2594, 2689, 2897, 2911, 11601929, 215922, 219176, 222142, 224601, 227404, 230035, 232945, 236069, 238435, 241722, 244802, 246882, 251082, 253395, 256085, 259099, 262068, 265671, 268899, 270631, 67546185, 264686, 261981, 257732, 255553, 251894, 250113, 247368, 243313, 241539, 238234, 235114, 233453, 229849, 225544, 223122, 220406, 218124, 215598, 212385, 209761, 11170796
43261, 1771, 1743, 1931, 1843, 2012, 2079, 2077, 2206, 2361, 2434, 2413, 2576, 2526, 2688, 2853, 2804, 2999, 3119, 3228, 3269, 12066777, 219771, 221770, 225443, 227999, 230117, 232567, 236057, 238819, 241316, 244235, 247612, 251089, 251619, 255695, 258831, 261776, 264162, 267121, 269588, 272779, 66855722, 261816, 259548, 255883, 253366, 250034, 248109, 245433, 241821, 239342, 236581, 233744, 230638, 227601, 225677, 223160, 220158, 216936, 214333, 211710, 208908, 11362144
53091, 2153, 2181, 2233, 2369, 2432, 2464, 2503, 2588, 2823, 2879, 2834, 3060, 3067, 3169, 3342, 3405, 3539, 3650, 3821, 3975, 12632782, 222397, 225374, 228716, 230526, 234256, 237308, 239038, 241478, 245364, 247136, 249630, 252966, 255119, 258404, 260672, 263367, 265751, 267838, 272049, 274664, 66001180, 259482, 257366, 254782, 251274, 249549, 246623, 243941, 241110, 237934, 235328, 232377, 229947, 227332, 225460, 221508, 219566, 216744, 213893, 211707, 209162, 11597322
67904, 2547, 2663, 2702, 2829, 2885, 2964, 3112, 3099, 3264, 3513, 3599, 3665, 3778, 3896, 3910, 4133, 4360, 4314, 4510, 4682, 13292532, 227142, 228930, 232465, 234781, 237167, 241146, 242267, 245530, 246592, 250248, 253401, 254912, 258424, 261144, 263064, 265304, 268002, 270722, 274180, 275469, 65019364, 257556, 255043, 252648, 249176, 246247, 243951, 242441, 238432, 236352, 235142, 230675, 228127, 226158, 223897, 221416, 218410, 215177, 212928, 210816, 207216, 11867077
87668, 3105, 3192, 3499, 3560, 3635, 3753, 3816, 3843, 4031, 4249, 4412, 4521, 4501, 4732, 4906, 5046, 5282, 5403, 5625, 5794, 14066134, 229947, 233376, 234524, 237997, 241397, 242844, 246046, 248212, 249873, 254071, 256952, 257409, 260149, 262540, 265530, 266955, 269907, 273082, 274951, 277614, 63887148, 255103, 252712, 249760, 247043, 244395, 242056, 239781, 236676, 234903, 231753, 229856, 226892, 224650, 222248, 219553, 217186, 214169, 211846, 209368, 207110, 12171709
114236, 3861, 4074, 4176, 4267, 4309, 4629, 4826, 4973, 4968, 5218, 5489, 5600, 5815, 5801, 6061, 6284, 6365, 6606, 6881, 7019, 14906435, 234679, 236001, 239397, 241588, 244311, 245022, 247822, 250887, 253965, 255071, 257150, 259996, 262566, 265338, 267620, 269081, 272003, 274047, 276351, 278233, 62645188, 251862, 248718, 247572, 243835, 240964, 238793, 237016, 234455, 232935, 230732, 227387, 224897, 223489, 221049, 217804, 215166, 213775, 211291, 209260, 206158, 12518633
148968, 5040, 5054, 5353, 5426, 5769, 5716, 6040, 6175, 6356, 6502, 6790, 6982, 7234, 7427, 7486, 7775, 7939, 8127, 8280, 8412, 15834837, 238421, 240517, 243249, 244927, 245780, 249415, 250843, 253836, 256089, 258507, 259977, 263388, 265471, 265777, 268601, 271390, 273482, 276332, 276818, 278938, 61279584, 246794, 245750, 243062, 241444, 239008, 236183, 234745, 232538, 230458, 227482, 225576, 224072, 220816, 218425, 216594, 213991, 212536, 210016, 207533, 205184, 12888763
196743, 6312, 6553, 6787, 6913, 7186, 7214, 7525, 7710, 7999, 8135, 8350, 8703, 8827, 9149, 9347, 9632, 9752, 9977, 10480, 10600, 16837552, 241859, 243416, 246387, 247070, 250105, 251955, 254209, 254681, 257944, 260357, 261259, 264376, 265806, 269090, 269916, 272191, 273702, 274418, 278052, 279571, 59801557, 244593, 242127, 240872, 238100, 235763, 233778, 232050, 229551, 227677, 225649, 222854, 221159, 219184, 217121, 214635, 213636, 210477, 208819, 206487, 204360, 13291741
258289, 8026, 8159, 8431, 8660, 8682, 9180, 9488, 9582, 9948, 10179, 10418, 10698, 10844, 11415, 11566, 11906, 12100, 12377, 12720, 13019, 17895355, 244331, 245940, 248004, 248333, 251238, 254232, 255556, 257506, 259125, 261386, 262673, 265378, 267205, 267839, 270577, 272061, 273577, 275785, 278093, 279602, 58238079, 240422, 238510, 236197, 234431, 232720, 231012, 228971, 227171, 225080, 222984, 221061, 218935, 216637, 214990, 212749, 210590, 208899, 206469, 204861, 203611, 13726138
340756, 9931, 10401, 10640, 10755, 11283, 11374, 11640, 12025, 12358, 12688, 12776, 12928, 13542, 13840, 14410, 14582, 15005, 15190, 15638, 16058, 19015024, 245566, 247680, 249967, 251863, 253932, 254152, 256309, 257669, 260556, 261951, 262934, 264820, 267526, 268393, 269890, 272486, 273180, 275100, 277614, 277293, 56563811, 235416, 234405, 233626, 231431, 229254, 227326, 225364, 223250, 222208, 219443, 218411, 216478, 215321, 212956, 210412, 209412, 207201, 206171, 203920, 201211, 14191248
443125, 12500, 12532, 13079, 13562, 13657, 14086, 14656, 14860, 14925, 15662, 15948, 16257, 16845, 17118, 17415, 17796, 18405, 18671, 19042, 19484, 20154730, 245629, 248883, 249733, 251416, 254031, 255388, 256561, 257542, 259479, 261833, 263069, 264144, 265171, 266625, 268582, 270454, 270125, 272839, 273873, 275526, 54861495, 232427, 230777, 229536, 228616, 226658, 224289, 223041, 220550, 219069, 218416, 215625, 214377, 212348, 210104, 208465, 207126, 205297, 204510, 201429, 200120, 14660467
576804, 15355, 16178, 16137, 16654, 16852, 17594, 17936, 17921, 18767, 19013, 19418, 19777, 20437, 20886, 21341, 21580, 21989, 22848, 23304, 23743, 21309154, 247696, 248228, 249552, 251509, 252830, 254642, 254890, 256756, 258964, 259019, 260691, 262000, 263920, 265087, 266445, 267071, 268316, 270165, 271317, 273071, 53084418, 228411, 226960, 225592, 223273, 222768, 220551, 218845, 217806, 216001, 214572, 213271, 211722, 210229, 208244, 206033, 204864, 203025, 202112, 200922, 198904, 15165620  