  1, 0, 0, 0, 0, 0, 0, 0, 0, 0, 0, 0, 0, 0, 0, 1, 0, 0, 0, 0, 0, 25583, 1081, 1129, 1159, 1308, 1232, 1337, 1392, 1422, 1499, 1452, 1564, 1649, 1708, 1829, 1843, 1921, 2103, 2078, 2161, 2226, 10855779, 211929, 214182, 216641, 220115, 221562, 225975, 228398, 231453, 234527, 237812, 241221, 243316, 247135, 250435, 251799, 255825, 259970, 261783, 265914, 268193, 84298358
0, 0, 1, 0, 0, 0, 0, 0, 0, 0, 0, 0, 0, 0, 0, 0, 0, 0, 0, 0, 0, 28039, 1187, 1200, 1280, 1354, 1428, 1392, 1471, 1464, 1583, 1710, 1800, 1826, 1947, 1961, 1972, 2034, 2075, 2296, 2282, 2434, 11107232, 213210, 216720, 219677, 222363, 225419, 228204, 231077, 234016, 236038, 240198, 242677, 245368, 249244, 251472, 254772, 257807, 261486, 263871, 266841, 270359, 83999213
3, 0, 0, 0, 0, 0, 0, 0, 0, 0, 0, 0, 0, 0, 0, 0, 0, 0, 0, 0, 0, 32402, 1346, 1393, 1490, 1490, 1575, 1616, 1707, 1781, 1757, 1965, 1985, 2017, 2166, 2240, 2307, 2327, 2398, 2492, 2654, 2718, 11519629, 218331, 221042, 223408, 225798, 228647, 232415, 234825, 238470, 241041, 243383, 246651, 249157, 251219, 254574, 257766, 262029, 264525, 267099, 270535, 274032, 83503595
3, 0, 0, 0, 0, 1, 0, 0, 0, 0, 0, 0, 0, 1, 0, 0, 0, 0, 0, 0, 0, 39153, 1678, 1672, 1631, 1796, 1786, 1966, 2003, 2102, 2061, 2126, 2229, 2409, 2424, 2566, 2669, 2708, 2851, 3011, 2926, 3165, 12119553, 223197, 226347, 228598, 231886, 234336, 238233, 239838, 242644, 245832, 248367, 251246, 254479, 257144, 260885, 264759, 266393, 268933, 272537, 273723, 277451, 82788682
2, 0, 0, 0, 0, 0, 0, 0, 1, 0, 0, 0, 0, 0, 1, 0, 0, 0, 0, 1, 0, 49903, 1936, 2074, 2165, 2166, 2255, 2364, 2452, 2476, 2622, 2696, 2818, 2955, 2992, 3003, 3180, 3377, 3404, 3495, 3579, 3658, 12890044, 229315, 232544, 234958, 237753, 241967, 243294, 246464, 249237, 251665, 255167, 259328, 260800, 263286, 265965, 269014, 273133, 274072, 277151, 280333, 283549, 81875386
5, 1, 2, 0, 0, 0, 0, 0, 0, 0, 0, 0, 0, 0, 0, 0, 1, 1, 0, 1, 1, 65424, 2492, 2543, 2742, 2744, 2841, 2904, 3035, 3069, 3340, 3329, 3443, 3608, 3667, 3823, 3993, 4097, 4293, 4352, 4523, 4635, 13827862, 236983, 240191, 242400, 245789, 247764, 251189, 253912, 255739, 257966, 262130, 264485, 267139, 270098, 272587, 276464, 278675, 280062, 283727, 285705, 288911, 80775313
6, 0, 0, 0, 0, 1, 0, 0, 0, 0, 0, 2, 2, 0, 1, 0, 2, 0, 0, 3, 1, 89054, 3270, 3301, 3443, 3803, 3667, 3808, 3861, 4193, 4213, 4235, 4592, 4638, 4821, 4915, 5094, 5266, 5516, 5627, 5727, 5997, 14960641, 245244, 247875, 250974, 253892, 256521, 258428, 261071, 264811, 267204, 268858, 271167, 275057, 277138, 279842, 281985, 285840, 286410, 288480, 292036, 294303, 79453164
18, 0, 1, 2, 1, 0, 2, 1, 2, 1, 2, 1, 2, 2, 3, 2, 0, 3, 1, 1, 0, 121672, 4309, 4307, 4494, 4678, 4816, 4913, 5120, 5277, 5451, 5545, 5868, 5909, 6252, 6349, 6580, 6805, 7016, 7154, 7445, 7734, 16267232, 254220, 256161, 258624, 262943, 263789, 266763, 268135, 271470, 273560, 277074, 279474, 281057, 283523, 286257, 288665, 291486, 293276, 295479, 298457, 301534, 77943082
34, 0, 8, 2, 3, 2, 3, 3, 4, 1, 2, 2, 1, 5, 2, 1, 2, 2, 3, 5, 7, 170595, 5685, 5802, 6084, 6124, 6317, 6570, 6663, 7071, 7214, 7542, 7707, 7821, 8051, 8371, 8453, 8672, 9178, 9462, 9478, 9801, 17754696, 262282, 264876, 267167, 269510, 272242, 274300, 276168, 279587, 281309, 284157, 285846, 288427, 290461, 292898, 294269, 296682, 299793, 301268, 302942, 306431, 76231936
59, 3, 2, 4, 4, 2, 3, 5, 6, 6, 7, 3, 8, 2, 5, 7, 4, 7, 7, 9, 10, 239305, 7752, 7822, 7992, 8302, 8663, 9011, 8925, 9388, 9470, 9684, 9990, 10220, 10789, 10821, 11277, 11528, 11826, 12115, 12496, 12787, 19387083, 270251, 273084, 274728, 277818, 278662, 281669, 284005, 285179, 287144, 289711, 291290, 293779, 295479, 297890, 299031, 301770, 303805, 305741, 308319, 309456, 74363780
114, 2, 7, 11, 7, 9, 8, 6, 4, 5, 11, 15, 17, 15, 13, 12, 19, 11, 11, 9, 24, 338201, 10202, 10494, 10876, 11022, 11349, 11586, 11998, 12265, 12716, 12983, 13371, 13783, 13828, 14264, 14976, 15226, 15529, 15792, 16127, 16568, 21152009, 277719, 279819, 280709, 283122, 285354, 287237, 289151, 289630, 292446, 294221, 295285, 297413, 300517, 301967, 302350, 306990, 307235, 308577, 311370, 312276, 72341117
210, 10, 14, 9, 11, 13, 11, 12, 15, 15, 13, 15, 19, 15, 21, 19, 24, 17, 25, 25, 25, 476930, 13729, 14149, 14631, 14758, 15142, 15423, 15930, 16093, 16593, 16897, 17565, 17871, 18247, 18765, 19348, 19660, 20170, 20491, 21270, 21730, 23027339, 282432, 284488, 285956, 288728, 289782, 291217, 292209, 295019, 296334, 297716, 300107, 300839, 303187, 304417, 306146, 306775, 309263, 310637, 311438, 312868, 70177173
423, 16, 19, 25, 36, 28, 23, 23, 24, 22, 27, 36, 36, 36, 39, 29, 37, 36, 54, 46, 49, 668224, 18381, 18672, 18849, 19618, 19855, 20351, 20946, 21208, 21979, 22289, 23088, 23095, 23993, 24167, 24630, 25191, 25927, 26437, 26891, 27814, 24948771, 286551, 287981, 288431, 291093, 291220, 292782, 295882, 296212, 298415, 299445, 300959, 302647, 302616, 304796, 305110, 307135, 308384, 308937, 311436, 311719, 67936809
803, 28, 39, 37, 51, 35, 40, 54, 44, 58, 54, 53, 48, 60, 65, 64, 71, 93, 67, 96, 78, 930559, 23630, 24343, 25152, 25098, 25971, 26083, 26604, 27335, 28259, 28567, 29466, 29875, 30817, 31237, 32000, 32762, 33088, 34124, 34955, 35304, 26879924, 287612, 289081, 289316, 291145, 292778, 293711, 295348, 296118, 297732, 297904, 301220, 300516, 302282, 303015, 303856, 304843, 307304, 307469, 307671, 308983, 65625005
1553, 84, 82, 71, 83, 84, 82, 82, 113, 114, 110, 110, 106, 113, 127, 125, 125, 148, 148, 151, 160, 1283953, 30798, 31683, 32192, 32762, 33245, 34201, 34873, 35529, 35722, 36828, 37662, 38040, 38680, 39889, 40108, 41321, 41779, 42618, 43131, 44052, 28777120, 286798, 287881, 290015, 290006, 291029, 292653, 292969, 293079, 295275, 295698, 296527, 297653, 298520, 299414, 299740, 301325, 301566, 302401, 303314, 304211, 63269969  